7.131846923126603315e+02
1.429474005219214632e+03
1.450054708469336219e+03
8.664036928980876837e+02
3.253293506478721611e+03
3.014588780071422661e+03
1.615388254230927487e+03
2.892752143179678114e+03
1.218193575404543481e+03
4.903104998542420617e+03
5.452079848013268020e+02
2.938726614024649461e+04
2.888459261116603557e+03
1.064965327450747509e+03
3.144305336646912110e+03
2.594768796586921781e+03
4.746993261649471606e+03
1.098969876121924699e+03
1.677781773926799360e+04
5.089267330498640263e+02
3.380409819712685930e+03
1.842716852424164244e+03
3.920442977110353695e+03
7.040961155437460093e+02
2.513962299690134842e+03
6.329226784357706492e+02
2.185445063987767753e+03
2.170323293496642691e+03
2.666090137344774121e+03
1.640791220118681849e+03
8.329549957452129092e+03
2.093115538490139897e+03
5.965933193583245156e+03
1.886368663279395605e+03
9.116721130003734288e+03
2.925571855845430036e+03
6.304949139526910358e+02
2.821741981272956764e+03
2.286395474937281506e+03
2.814101733231496837e+03
5.512910308016796989e+03
3.003686608227172201e+03
6.854911056546675354e+02
1.642481075705833746e+03
1.881045531197607033e+03
3.485454891237565789e+03
2.807869157331360839e+03
1.250840419536988293e+03
2.706376401010041263e+03
2.211361225669803844e+03
1.135997334782477310e+03
4.191999067755084980e+03
1.005300796256032299e+03
6.552228222522542637e+03
1.814659598510242404e+03
1.006711026489485334e+03
4.113448550881079427e+03
1.800407648760103257e+03
5.822574273384352637e+03
4.071001433182586879e+02
4.145966738430732221e+03
1.360273777558355050e+03
2.642081837847847510e+03
6.185091737608290714e+03
1.651634162075972927e+04
1.375489629365255951e+03
4.437276975303371728e+03
2.464143346769963955e+03
3.499539616562645733e+03
2.041642891392078354e+03
4.963528557507386722e+03
4.170967521507295714e+03
2.160775129410640147e+03
3.315792728798784538e+03
3.511126354587046990e+03
7.328239974441071354e+02
4.128826196373078346e+03
1.460182637088191314e+03
1.833046349414006954e+03
3.014711510577896661e+03
4.765240551446615427e+03
7.219198767711304754e+02
8.291775054249046661e+03
1.116302346317042520e+03
4.182350881021866371e+03
2.955217519568961052e+03
3.604911031610046848e+03
1.830708041313948343e+03
1.724860073060681998e+03
7.938142845430652415e+02
1.852492016186472483e+03
5.400892838654775005e+03
3.635358861366706151e+03
9.822057761084857930e+02
1.515005806219743590e+03
3.349681431142098518e+03
2.556707986978584813e+03
5.690990815234001730e+02
2.138920151887989960e+03
1.929204750738328585e+03
1.869556192086040710e+03
1.360862808419717112e+03
2.204608366149619997e+03
3.062154005289110955e+03
1.450234831042796941e+03
4.923932485640414598e+03
1.822389019495256889e+03
4.951210981811992497e+03
5.069080465543430364e+03
3.825072481941494061e+03
2.242578504478131799e+04
5.157414235203770659e+03
2.015967355837316745e+03
1.077746349355021493e+03
1.498770540426489424e+04
3.557355381705700893e+03
1.124324886662658855e+03
6.333883402743729221e+02
1.510704937590033296e+03
2.069821730711514647e+03
8.453895144693829025e+02
4.508670238532941767e+03
6.107597555355667282e+03
8.226619511890319245e+02
1.846807554351832323e+03
6.243887549443315947e+03
2.146300236724379829e+03
4.582597926068749985e+03
3.186640172608236298e+03
2.240658220314312530e+03
2.318346178634227726e+03
3.735137126041097872e+03
8.739701983539885077e+02
7.905219860779579903e+02
1.155085992388139493e+04
2.938708013136815680e+03
4.046870649391647930e+03
7.811936078544747943e+03
6.603104844133733877e+02
1.222586848398466827e+03
2.220696166864428051e+03
1.603343603680347996e+03
2.753286668393024229e+03
3.860301172817291445e+03
1.980669821874675108e+03
2.933959147241670507e+03
9.272377873689341641e+02
1.348808915144277307e+03
1.830701532496514119e+03
6.914458608902509695e+03
1.890900278832081085e+03
3.834774452622012177e+03
2.165832349686360885e+03
2.434543541884991100e+03
1.491131842471743767e+03
5.669315078853636805e+03
5.844109025069675226e+03
2.245956137580728409e+03
2.795311228881577335e+03
3.625009853527559244e+03
4.351658098650511874e+02
1.656538404095215810e+03
8.924475202035737311e+03
1.422984967940893284e+03
1.390944138669818130e+03
2.923118142710737629e+03
6.764413222358771236e+02
3.115598376129692770e+04
2.302222379525728229e+03
2.155656066041905433e+03
1.465663189383019244e+03
1.733824040097778379e+03
1.433191397849075656e+04
9.393946990160372934e+02
2.635919151738796700e+03
1.803058041446510833e+04
2.080041819589505394e+03
5.542966674288571085e+03
5.242721218706407853e+03
1.562685231102406760e+03
2.707243167041137895e+03
2.097509534668417473e+03
3.204062074904270958e+03
3.941714190053631228e+03
4.450268888035776399e+03
1.478598866849386695e+03
1.671907205301344675e+03
4.259928903906640699e+03
7.565947775698619807e+03
1.271274158368311419e+03
9.432599691667854131e+03
2.543338918019697758e+03
4.625697015532452497e+03
1.205492154589661141e+03
2.468161112266981036e+03
3.465927372620035021e+04
2.269041633959183673e+04
3.660121706577385339e+03
3.186800082209511856e+03
5.862740020796630233e+03
1.664768319428900213e+03
6.208944210683796882e+03
1.907519043027187308e+03
4.395813024600122844e+03
2.832672448253342736e+03
5.942247765233799328e+03
3.418668750707304753e+03
2.177631391228087978e+03
2.065038493973785990e+03
1.851884540867790975e+03
4.787140608849997079e+03
3.346537001047554440e+03
8.800352088115824927e+02
7.604781689387744336e+03
1.935099810769296710e+03
2.915963194838980598e+03
1.164421046538197515e+03
1.354886075977669634e+03
2.110698597506615442e+03
2.357819130142494942e+03
3.694904148915855330e+03
2.347232652118836995e+03
7.498333013487695098e+02
2.541403083986027013e+03
3.816426729625059124e+03
1.164886736246370856e+04
3.289153748442159213e+03
1.186250321088418332e+03
3.471898866220695709e+03
1.325018638354973973e+03
1.438551924580914829e+03
6.827201872748405549e+02
1.949838109573842075e+03
6.046345924537665724e+02
2.068167953788487466e+03
1.189069788868996739e+03
1.022705081669717288e+03
4.246664044169940098e+03
3.470020998602084092e+03
2.680918023551255828e+03
1.525324082305934098e+03
7.978990759565168673e+02
7.233047773578252873e+02
4.550130590589173153e+03
8.214185665497636819e+02
2.378340188730818045e+04
1.251567849792408879e+03
2.138749507841996092e+03
2.420902778253556335e+03
3.254575852054622374e+03
8.060714483718124939e+02
1.561439308397048762e+03
2.688968080640331209e+03
1.336474217584251164e+03
1.839474026535533994e+03
7.025446814172105405e+02
2.363357055105761538e+04
1.891369167202641847e+03
2.452514141782255138e+03
2.777388835033845680e+03
1.722850856446438002e+03
5.324977691350228497e+02
2.125540473627350366e+03
1.467571233780729926e+03
2.705462587543607697e+03
3.662808812071222746e+03
1.293892734225363529e+04
1.712629597770168402e+03
7.606508886139059769e+02
3.432592332681897005e+03
8.323857519888249954e+03
9.647143003479030767e+02
1.191897004154473962e+03
4.509782511060477191e+03
2.056968652534324974e+03
1.389473837614167905e+03
2.936461742297345609e+03
1.511737201348785447e+03
2.052888741161397320e+03
5.652343553686643645e+03
2.927317199385837739e+03
2.163734077696660279e+03
2.599768136945150218e+03
1.462049235193849427e+03
1.684934152787459425e+03
2.379140143347275625e+03
4.027699738137459462e+03
4.136057521398557583e+03
2.663066544398446240e+03
2.498767865001866085e+03
5.942965960503512179e+03
2.618813966266653551e+03
1.682252467433420861e+03
7.546001649851350521e+02
3.125722473008255747e+03
1.724150648117899436e+03
2.882456558241344283e+03
2.373952625427232306e+03
1.755029556091264112e+03
1.951039527661896045e+03
3.352870216769546460e+03
3.247891409825965638e+03
1.260539296892806533e+03
9.367114717782800653e+03
4.167956254172782792e+03
1.997867717245952463e+03
6.328098552392898455e+02
3.621169724034692081e+03
4.887567708589573158e+03
3.800898783320086295e+03
2.068245311484162812e+03
1.928808878162890551e+03
8.359470488281510825e+02
5.533854257110104299e+03
2.575769136755198815e+03
2.829414478055407926e+03
3.132769803519880043e+03
1.444197718125885103e+03
4.935171996336291159e+03
2.702386042189783439e+03
3.623022867452149512e+03
1.135148057944399170e+03
3.874123449081439958e+03
1.178298391070144135e+04
2.806903000194341075e+03
2.877028292046334172e+03
4.105457745848042578e+03
2.404117019412630270e+03
3.308164102855452711e+03
1.689926476885652392e+03
1.033350582419194552e+03
8.164764094520951403e+02
3.673868228020626248e+03
2.746576755086116464e+03
2.926914057408054759e+03
3.709078807239063281e+03
2.223632145457430852e+03
7.387984541240512044e+03
8.961860241537806360e+02
4.830325895982696238e+03
1.336800148565418112e+03
4.796471190620288326e+03
1.797909594361959080e+03
2.347400735128790984e+03
4.930763660473088748e+03
6.885394291433304943e+02
1.558401698489486807e+04
7.049065830524037892e+02
3.682688636222908826e+03
2.265236225488766195e+03
1.175453481946778311e+03
1.378396485465257683e+03
1.403090009191841091e+03
3.569872277273723739e+03
2.688433852362529251e+03
1.495880787609273057e+03
2.201332551304265507e+03
6.810197013694960333e+03
2.871426674386797458e+03
7.352140957443574734e+03
1.760390113976955035e+03
2.577572494417596772e+03
2.236560906751181847e+03
2.080259182578512082e+03
3.825060808477766841e+03
4.134304870911686521e+03
1.996754102021411200e+03
1.205213137222051273e+03
5.415567877812934967e+03
2.422874610165895774e+03
3.418601854439521048e+03
2.826091516492117535e+03
3.961266661920787556e+03
1.089567323377424600e+03
1.349668611815567147e+03
3.580317590266956358e+03
2.475938683477515042e+03
9.790197950030592438e+02
5.492994610681813356e+03
7.296594779194153944e+02
2.959586678850250792e+03
2.450120489386732061e+03
2.007830913811262235e+03
3.177178695751333180e+03
2.626799145214486089e+03
2.597164590894725734e+03
9.739304269633727245e+02
4.133104116792017521e+03
1.257165357678691180e+03
6.760947321575760725e+03
1.801733114848640525e+03
3.229650982447003116e+03
1.280998832431016808e+03
1.319056855473610312e+03
1.018316006181163402e+03
3.766280051320894017e+03
3.361101642080800048e+03
2.131154981954175128e+03
1.316630194547010888e+03
4.725135808967448611e+03
1.558876570259485561e+03
4.369097856088279514e+03
2.009181712927451827e+03
1.862071746087740848e+03
2.960049187168076605e+04
6.071774227789888755e+03
1.053618876319034143e+03
2.200720974901189948e+03
1.843613795895187195e+03
2.961179607941967788e+03
1.085070552697139192e+03
2.203875201874214326e+03
4.406137123052807510e+03
2.711426904489817389e+03
1.714297623177424839e+03
5.228100737859680521e+03
3.241193148404950080e+03
8.546495713427309511e+02
1.036349843235422668e+03
1.108443679742980748e+04
1.949204219437244319e+03
3.306338099160296224e+03
1.179978503476584820e+03
1.641720529064745961e+03
1.131479085600044755e+03
1.794110162284571970e+03
2.743373994858068727e+03
9.337680425058398441e+02
9.278717422208927019e+03
1.831336874806233482e+03
8.604501905464646825e+02
2.584478352634492239e+03
1.859525607954382394e+03
7.807288673383186506e+02
1.248736456834212959e+03
2.399393664232720766e+03
2.035805468525057222e+03
1.708270360690831922e+03
8.312252296278636550e+02
4.057360730610436804e+03
3.663906786997546078e+03
3.809295045601052152e+03
1.903753591633995711e+03
1.776067709173850517e+03
3.324285336855231435e+03
1.820583203889492324e+03
1.963567737886901796e+03
6.426458692053429331e+02
3.076583174105522630e+03
3.368557939948638523e+04
2.426310208182174847e+03
1.355694988904080856e+04
2.498846875569782696e+03
2.227492323784146720e+03
1.917034530218317514e+03
1.663557059166869067e+03
2.220299048589459289e+03
2.743700456184835275e+03
2.480680126768887021e+03
1.242666804201833202e+03
1.569002760798937970e+03
2.150309847601898127e+03
2.509499029394851277e+03
1.092374728881176452e+03
9.842172693506618089e+02
3.997135357763945649e+03
2.069710305584520938e+03
4.553203213516344476e+03
1.106469972963186137e+03
1.809858564995754023e+03
1.904830540691297756e+03
1.169393486567574655e+03
6.683754303362338760e+03
1.560003723799550244e+03
1.398288054708266372e+03
5.397128215671229555e+03
2.112362786427322590e+03
1.530051817362011207e+03
4.865279300119096661e+03
1.119711144711311590e+03
1.114031208414614866e+03
1.473333270781750798e+03
2.149415775773772111e+03
1.845181486154064260e+03
1.475922083274718034e+03
1.033880066950872560e+03
2.193519201372885618e+03
1.010846688476521308e+03
2.631845036463507768e+03
7.477739535232002481e+02
9.410534466833737497e+02
1.671401751090135576e+03
9.486532719264633897e+02
1.751064303860449854e+03
3.147481744001418974e+03
2.860440787931574050e+03
2.872338370242461679e+03
1.358818091399147988e+03
1.694469800426261600e+03
1.357258133424820016e+03
8.051832529583570249e+03
4.140859076893952079e+03
3.595589556433885264e+03
3.043329462454096756e+03
2.735952437584782729e+03
1.455638120290104780e+03
1.658863557964499705e+03
2.777221019112247632e+03
1.199614682985633863e+03
2.857019949428375185e+03
2.527534536513958301e+03
2.350156218356116824e+03
6.412251359162337394e+03
3.765996539882622528e+03
2.668121749722452932e+03
3.435916982985181676e+03
2.771465446357286055e+03
2.060653884643624224e+03
2.609701749277122872e+03
8.466240326175277005e+03
2.575754518652308434e+03
2.127041042049739190e+03
4.362488095967897607e+03
3.896863300946581148e+03
2.908795555253544990e+03
2.700658887728155150e+03
2.651002740837301189e+03
9.396122033175550314e+03
1.172483908204795625e+03
2.057113615033467340e+03
6.346229688452860501e+03
4.510744833386802384e+03
1.823557837241598463e+04
1.103928582016444125e+03
2.690680585874897588e+03
2.257708751156925246e+03
1.824742652706584522e+03
3.747681714264408129e+03
4.895541553293171091e+03
6.313288208482499613e+02
7.046251099221038203e+03
5.833508769574290454e+03
5.296343219668489837e+03
3.059469084900385042e+03
2.314138380154770857e+03
1.624012389868257287e+03
4.459897011644057784e+03
1.943285391252095724e+04
7.368044376425211794e+02
4.300817202554415417e+03
6.436182825737229223e+02
2.519177654220518889e+03
1.953793716218225427e+03
9.449989978232473504e+02
9.696254422466695360e+02
3.773524939658541371e+03
1.539854652483431437e+03
2.746136868211079673e+03
6.148672704087268812e+02
1.520997598533097698e+04
2.113216677237205204e+03
2.746198809102458199e+03
5.812863958021484905e+03
9.692426642395894305e+02
1.222553197579271000e+03
3.493059118915573890e+03
6.744559141376959815e+03
1.874005013552768332e+03
2.150870177118583342e+03
3.219603833848550494e+03
1.681049054381617680e+03
1.909575663064999617e+03
2.533077620290600862e+03
8.116941790987107197e+02
7.749048910832416368e+02
7.062612757987235454e+03
4.470004130575949603e+03
5.667404992890587891e+03
1.229869543573262490e+03
1.005623284802268472e+03
1.992120648099269147e+03
1.083006042042120271e+03
2.438834815585426895e+03
4.481833728264080491e+03
3.388990183426128624e+03
2.008171287181876096e+03
1.054862083151422212e+03
1.020236664686230029e+03
2.962411968444027480e+03
1.541565983992505608e+03
3.214853305033533616e+03
5.556442859083354051e+02
2.393916878922838350e+03
8.715196130394335341e+03
2.549667598930087479e+03
6.280357958635772775e+03
1.115717254339969259e+03
1.048319371680893482e+03
2.206905392511507216e+03
2.938103597113524756e+03
3.968263600306785861e+02
4.081540277733152379e+03
2.637113971459363256e+03
2.528108971347159604e+04
2.133816311596791365e+03
2.879655052693727157e+03
1.327114510419979524e+03
1.113300127183468703e+03
1.022564229942918928e+03
2.210955143183761265e+03
1.011962021138890123e+03
2.162589820773018346e+03
7.871711152410065324e+02
2.967818762520998007e+03
3.426921557963263695e+03
6.369246552787955807e+03
3.477306754204252684e+03
1.273222543715077563e+03
8.215476515732758571e+02
3.247956661107800755e+03
2.171792716281739558e+03
1.370583274466235252e+03
3.549065127018714975e+03
1.653082242801147913e+03
2.864524814114861329e+03
1.060130275818197333e+03
8.994830424090878296e+02
1.468503882771710414e+04
1.535303293510175536e+03
1.800747103122071167e+03
1.967804492018185329e+03
2.716146263913041366e+03
1.961527053566120685e+03
8.323334864081424485e+02
2.163450200696760021e+03
3.004889830161495411e+03
1.758101939245414997e+03
1.314505795218893127e+03
2.569277291842088744e+03
1.452520588393468643e+03
1.903031803338447844e+03
1.736998738069413321e+03
1.464430587015032870e+03
7.787221388037146426e+02
2.186465722982528860e+03
3.714123417327122297e+03
2.580477242820195897e+03
2.753919331892568152e+03
1.261448080568547084e+03
9.340935969320145205e+02
1.584673602070582319e+03
8.123672309743080859e+02
5.274234262744683292e+03
1.542592656527955569e+03
2.459365021662778418e+03
9.573588768421403074e+03
1.918435468222500276e+03
1.732203842318317584e+03
3.910397194059156845e+03
6.558468834569960563e+03
7.316075345837627538e+03
1.740642710376492232e+03
1.540116555876810935e+03
3.625114721667229605e+04
2.600113221030335808e+03
1.933989350384611953e+03
2.480850727614911648e+03
2.915954482932799692e+03
4.334673215798336969e+03
1.714813358154207890e+03
1.375369324907810778e+03
2.272064100292860530e+03
1.452520312495923008e+03
2.003028462615430499e+03
1.704974706138209285e+03
1.670999799854566390e+03
1.130254590048530190e+03
3.103969930403170565e+03
3.671781227260262312e+03
1.660223727224111144e+03
6.453122813651491924e+03
6.140173892697040174e+03
2.370318165720731849e+04
2.085772247274176152e+03
5.797928898429727269e+02
7.104729106304874904e+02
1.201839239315504983e+03
1.536920643947202734e+03
2.381305597608278731e+03
2.982795648075360077e+03
3.891215887874125656e+03
3.760065942289252234e+03
4.822794068900865568e+03
1.318304430556413536e+03
2.772065801712202756e+03
3.778922920905536103e+02
1.344674028670471671e+03
4.995711396279119072e+03
3.107828835599998001e+03
4.392232139723952059e+03
2.023620092324995994e+03
2.103293057869159838e+03
2.290635186583323957e+03
3.500105255076598041e+03
1.769923032483212592e+04
2.120252984437429404e+03
2.400356503114963743e+03
3.375598625026995251e+03
4.113066345244679724e+03
2.128284863138228502e+03
3.694504511140487921e+03
6.713270997230620196e+03
1.486358202659945846e+03
2.845420091903267803e+03
3.195039550707707349e+03
3.162857085566286059e+03
3.074843417373861939e+03
1.978795180654564319e+03
2.259348998595013200e+03
2.600879840657451950e+03
3.032028783013825432e+03
1.492768636424518490e+03
8.707897758180135952e+02
5.087566214547451636e+03
5.163340009524461493e+03
4.466264361952454237e+03
5.763524999549847053e+03
4.198029656952052392e+03
1.348516373609783841e+03
2.363314306249639230e+03
8.619848229807426833e+03
3.504529106833450896e+03
2.865710245978023977e+03
1.964327369241849738e+03
9.455788013122580651e+02
3.569355106001724835e+03
6.548273790693377805e+02
3.300871012296483514e+03
3.822904834520321856e+03
4.709937885240688047e+03
3.058353869736187335e+03
2.421336269339685259e+03
3.104847849964766738e+03
2.400359621128019626e+03
3.956314266306928857e+03
1.094615830621272835e+03
2.594179044932653142e+03
1.959311139555813952e+03
3.824373915505811055e+03
2.163829093809418737e+03
1.543749242876418066e+03
7.099543112435500007e+03
4.277322641284210476e+03
2.203541731352097486e+03
4.888631580340494111e+03
2.112561710867768852e+04
1.208921007023893708e+03
1.276841989589606328e+03
1.622912999686438070e+03
2.080259523213188913e+03
1.040232147420191950e+03
1.006290169856974671e+03
4.270621771307294694e+03
2.278278877117320008e+03
1.362219963513094444e+04
2.367539129310011049e+03
1.883696177777483172e+03
1.884724103349220513e+03
2.727214706181950896e+04
2.087911826512360221e+03
1.935826052480708313e+03
2.222801546364884416e+03
4.750597808538688696e+03
3.964924126273336242e+03
1.226995140258934725e+03
1.365934661060853159e+03
5.627003499465095956e+03
2.297789042052660989e+03
1.440394797523945499e+03
2.112562060681502317e+03
2.295074261073605157e+03
1.965886100750894002e+03
1.466959874413373655e+03
1.316784475986076814e+03
1.581530542008604243e+03
5.167265095263112926e+03
1.609658580002445433e+03
2.300887032218101012e+03
1.226827055680932062e+03
4.759613642243793947e+03
3.142568587037246289e+03
2.184540908334288815e+03
1.472239804376392613e+03
2.155421063725014392e+03
3.917887401176264575e+03
2.557596755981166098e+03
2.243216038597889565e+03
2.299146359416529776e+03
4.152104122698276115e+03
2.520176355003200570e+03
1.721350332964984545e+03
1.598565623733848042e+03
5.182238066478072142e+03
1.810942004664726937e+03
3.915516946135159287e+03
1.582328743732325165e+04
9.172848987495390247e+03
2.628114526809304607e+03
4.105947967951833562e+03
1.077957040742710205e+03
3.793973316469285237e+03
4.966495059926792237e+02
2.597934439147054945e+03
2.075437722895996558e+03
1.339613810071487478e+03
1.271241160889855109e+03
8.936802310736081836e+02
2.813616763982199700e+03
7.016831037564543294e+03
3.742920018165207694e+03
4.943970645514766147e+03
7.681401654320036414e+02
2.439694645681400743e+03
2.515547800028473375e+03
1.701370704416849549e+03
7.740997084645146060e+02
5.961564394588351206e+03
7.137540123194040689e+02
3.413054905328102905e+03
3.794083021636010017e+03
3.759596236480179869e+03
3.218750697087914887e+03
2.684987905458844580e+03
2.203176918206671871e+03
1.945682613553750343e+03
3.265569883576612483e+03
2.476711601321462695e+03
8.248978902752601243e+02
6.915872121731774769e+02
4.022685577727143027e+03
8.124997130861304413e+02
8.960558281736850859e+02
1.930968141907257859e+03
4.390580547924823804e+03
2.845563428859032683e+03
3.201285016934630221e+03
1.479740447890048699e+03
2.657842411555791841e+03
2.380908280006619862e+03
3.655563508353537145e+03
1.171290980158574712e+03
6.720743413939052289e+02
1.664113345254144406e+03
5.257032786112993563e+03
2.043389040925827430e+03
2.364586386133773885e+03
1.866860885724152695e+03
1.748930103401609358e+03
3.882175474750711874e+04
2.630184619001861392e+03
3.147042942826525177e+03
9.498990004909795971e+03
4.006350215744200796e+03
9.500706866691889445e+02
1.317240416116594588e+03
4.062128234514192627e+03
3.246612260739147587e+03
2.324917594944618941e+03
8.230810952626703511e+03
3.152728112020126446e+03
4.914871957569677761e+03
3.775696727979342540e+03
1.769849408017998940e+03
1.054509189437067562e+03
4.606442565798191936e+03
2.935205838675354244e+03
2.805026369457306828e+03
1.771281762727234081e+03
3.364549139954656312e+03
2.427440966066337296e+03
1.040327750157963919e+03
1.601692871556814225e+03
3.249922448911924221e+03
3.380563878704955641e+03
3.561275962702569814e+03
4.420519901026519619e+03
3.503788028344125451e+03
4.504406214043652653e+03
5.255204634755116331e+02
2.744961129341339074e+03
1.089956759183408940e+04
1.763597593028489428e+03
9.686627288903202952e+02
3.762556730958851858e+03
3.234915077722042952e+03
5.958676163703553357e+03
2.943686423142180047e+03
3.055777429522909188e+03
3.699723140837345454e+03
1.963597052541636003e+03
9.573579667992044051e+02
1.964903946996592367e+03
2.183804468173771966e+03
4.027979044144298314e+03
3.376922267740598727e+03
1.627431360973433584e+03
5.935695163060707273e+03
5.767686802521340041e+02
2.999017184224289849e+03
1.641096019463918537e+03
1.943568677779606787e+03
2.062469659004570531e+03
2.163693678882742461e+03
3.598123349162777231e+03
1.390013351278459413e+04
1.419399787063903432e+03
4.166796513413709363e+03
1.699639109383564573e+03
3.098406890660102363e+03
3.012210358731481392e+03
3.327584136272077103e+03
2.342884081481391149e+03
2.196374617483558723e+03
9.029703511497289128e+02
2.747957267485690863e+03
3.163328500179878574e+03
1.075888376809394913e+03
5.867274004935361518e+03
9.690792557906713682e+02
1.163658938501481089e+03
1.704455828287619170e+03
1.346020845146743795e+03
1.084588412371766481e+03
1.437102249100577865e+03
2.199197674198570439e+03
1.030850344762790883e+03
1.793827309984307703e+03
2.146251793740399080e+03
2.133630661949925980e+03
1.058634459063528629e+04
1.885561437699700718e+03
8.417059942216428681e+02
9.183153392245342275e+02
9.779409657367564250e+02
4.523960483926486631e+03
4.291439312267377773e+02
3.620938686528851576e+03
2.755253197306398761e+03
2.431532809725281368e+03
1.966785213966477613e+03
2.730931094037839557e+03
2.494307744212774651e+03
1.762602846579494781e+03
1.543117368075461400e+03
1.281890746530177239e+03
5.040106130140117784e+03
2.280121220432867631e+03
3.420453701677911795e+03
6.681377847170247151e+02
1.014876268904758376e+03
5.306550154016094893e+03
7.481112617472359716e+02
1.574078031988920884e+03
6.495192672549848794e+03
9.190440371060901725e+02
1.287849586741161374e+03
3.072657436362961562e+03
1.775640123584286812e+03
1.481214714780966005e+03
1.860588976466675604e+03
5.251047204046153638e+03
1.879158456709028997e+03
1.221442223767887981e+03
1.128073441919757897e+03
1.669986676091046093e+03
1.331746828751701287e+03
5.365426439324917737e+03
2.855955030254564008e+03
3.399878244703097153e+03
1.521087390399911101e+03
9.708017891636195600e+02
2.625052226007038371e+03
6.576510784974384478e+03
7.148944967772234122e+03
1.740771591504503021e+03
1.276296669090979094e+03
1.635260248583873135e+03
2.408108942902720173e+03
1.111718174702846682e+03
1.404420409599723143e+03
2.067076916955070374e+03
4.128488046810814012e+03
1.977076540412595023e+03
3.565171104870511954e+03
1.338711130458665139e+03
2.789413234021787503e+03
1.324923493714029746e+03
3.512941623539488774e+03
1.732380539983314975e+03
5.629809680853524696e+03
2.197199513936645417e+03
2.486097989729990331e+03
1.696940491703547195e+03
3.188233586337468751e+03
3.297608932342260232e+03
2.650233798404909066e+03
6.431952687035363851e+03
1.426867133949226991e+04
2.003186965792381670e+03
1.460034876011698998e+03
2.545991067020690389e+04
7.583349876107926320e+03
2.793777271340135030e+03
1.081275067040887052e+03
2.166629327971245402e+03
8.835151129200652349e+02
1.451321696319371995e+03
2.240991264008795042e+03
5.701473528301066835e+03
1.948155098478001946e+03
1.946047037852927588e+03
2.494832696397535983e+03
3.527639677285256766e+03
4.351298743117237791e+03
1.643083447235812400e+03
7.370984483235540665e+02
4.932750778073561378e+03
1.359690486402614624e+03
3.644217188940321648e+03
4.082191485433193520e+03
2.344871222898435917e+03
5.416241117891455360e+03
1.183211834614839972e+03
1.801995694455401463e+03
2.764413960171372764e+03
8.835770613685612034e+02
2.675260414568887427e+03
1.208720563345680603e+03
2.297543412321423602e+03
8.410813769820454127e+02
1.577666639698928520e+03
1.330985842716571597e+03
1.318462487332611090e+03
1.705916703061457883e+04
2.360204372033159871e+03
3.726391577196798607e+03
2.986247025445702093e+03
4.334394379591010875e+03
3.374446214653014977e+03
1.917072481152780711e+03
2.537648501655497967e+03
2.643483750883638095e+03
7.965162572965650725e+03
3.115708232583275276e+03
5.197890187495710279e+02
1.254553508651878929e+03
2.586244571780339356e+03
1.607115332661669754e+03
1.072257434167820975e+03
3.534808370679302243e+03
3.434707175233515045e+03
1.086184412325379299e+03
1.691433681142449132e+03
9.728064027475143121e+02
1.367109005787233173e+03
1.149360435000250845e+03
1.413296243141258856e+03
6.910001907122318698e+02
1.542665832083277564e+03
7.783158261028948800e+03
1.845082843771649095e+03
3.743742403833420212e+03
2.221403301593507786e+04
2.802317162077905778e+03
1.666118444197828467e+03
1.055034356017016216e+04
1.111191586244826112e+03
6.498150234090040840e+02
4.560024709754013202e+03
8.257339756987166766e+03
1.857558133040690336e+03
7.570078527368818868e+02
2.447545668705710341e+03
8.695762787081741862e+02
9.475036154537221591e+03
2.746189913388236891e+04
3.642632958480141497e+03
3.397970047162736591e+03
6.826305595431124402e+02
9.441901065792635563e+02
1.578020228437034120e+03
2.742689549920171430e+03
3.555433592675019099e+03
8.641422013390474604e+03
2.670783551050496499e+03
3.053519638623706214e+03
6.617577273985857573e+02
4.605962135959356601e+03
1.601404557034978097e+03
3.798076816237308321e+03
4.169671092532261355e+03
9.507212613711317317e+02
5.225098045838854887e+03
9.270213102945064747e+03
2.959908818839528976e+03
1.472725610155401228e+03
2.443757904311978564e+03
2.679692306440495486e+03
1.958643808935290963e+03
3.418844499336682020e+03
3.811787329441637667e+03
1.634869040008255979e+03
4.168901095324067683e+03
9.860382440652970217e+02
2.883426361371739404e+03
1.854460300084955634e+03
1.294075304495725049e+03
4.349270162512641946e+03
1.434866960087439566e+03
2.129205666528304209e+04
2.000021498228466726e+03
1.068687597243282289e+04
6.010521018059680500e+03
1.220604240945353240e+03
3.203667971901087640e+03
5.875152719303696358e+03
1.879903420831503354e+03
4.379136944018746362e+03
6.996030127951466966e+03
9.344196297233002042e+02
1.153678353276649432e+03
1.066861309995399279e+04
7.926716284457594384e+02
1.623485384373515672e+03
2.168622786045245903e+03
3.473664447616747111e+03
4.403907512924069124e+03
5.276327933176045917e+03
3.199603105194890304e+03
2.878912680576831917e+03
6.802136664432789530e+02
2.889633033545236231e+03
4.208773278471201593e+03
1.805273206567813304e+03
1.553459869339891384e+03
2.987627472466389008e+03
1.709634329937165830e+03
1.517273935362797602e+03
5.267090840198935439e+03
1.113456845165417690e+03
3.256944579570931182e+03
5.800656586900888215e+03
2.286373402090673153e+03
2.303259166442459446e+03
3.343207938125213786e+03
2.915841641951304609e+03
1.727455187233243578e+03
1.861674480023157003e+03
1.476686377816433151e+03
2.077136188801996013e+03
1.986596729279086958e+03
1.089221989084013558e+03
5.798033633375175668e+03
1.798032197665158492e+03
1.796078262834041197e+03
1.813389043396688976e+03
2.408737820708784511e+03
1.396739839097328058e+03
5.242754795349065716e+03
1.385141157324382675e+03
8.248289413764382516e+02
4.202578975424992677e+03
1.471552145487067719e+03
2.107199392452462689e+03
1.751834002240228983e+03
5.260989033619493966e+03
1.774711424269190957e+03
3.024490732964218751e+03
3.818595405206597661e+03
1.992397333789675940e+03
2.610595884319105153e+03
5.248642685612445348e+03
3.955092342273410395e+03
3.358606757383344666e+04
3.374799793947676790e+03
2.334076026601434023e+03
2.518000274317565072e+03
1.453429167413249615e+03
2.204111294452773109e+03
9.329350103135716381e+02
3.101801287777752805e+03
3.486217932059957093e+03
2.704421019816209537e+03
2.726381713239037708e+03
2.716479442409477997e+03
2.221734781476965145e+04
1.954858118520270182e+03
2.790521297141092418e+03
1.041248740036113531e+03
2.381868479752291933e+03
1.452687974026877555e+03
1.286084275008672648e+03
4.433437905816665079e+03
3.356322681933831518e+03
1.775967839640301463e+04
6.673881630647654220e+02
1.653121425040878648e+03
3.375025535887492879e+03
3.248493033884648412e+03
1.574579582806682311e+03
3.082060360190997017e+03
7.431199325856202904e+02
4.868564320502016471e+02
1.248711054971710155e+03
2.406386523965876222e+03
9.271702161514285763e+02
8.260043647017704643e+03
3.099243009455242827e+03
2.471421293551490635e+03
3.816374937332074296e+03
1.803881483612169859e+03
3.348262754684174979e+03
1.647034305795615637e+03
1.161462959293454787e+03
8.521160329556073521e+02
3.808052144903632325e+03
1.923343396206191073e+03
2.211338737126296564e+03
1.307574050850641697e+03
3.055914153636901119e+03
9.388543093630613612e+02
5.136486011879266698e+03
1.541329838658299195e+03
2.226458764765829983e+03
1.190206301278841420e+04
4.292429059834697000e+03
1.165831822479223774e+03
9.721718408386041119e+02
2.553630626721940644e+03
1.621097947381078484e+03
1.179829542451115685e+03
3.265151903494043836e+03
2.972857297121674947e+03
3.256611270631034131e+03
7.660785363154223887e+03
2.730123985304866437e+03
2.082008747622646297e+03
2.109246222197607494e+03
1.876736841312276738e+03
1.832222270312308865e+03
7.804275172095926791e+02
1.912747438682077700e+03
3.198934111960186783e+03
1.949467413741384235e+03
3.756451556417046049e+03
6.072083691886405177e+02
8.808549029871660423e+02
1.920732586702119079e+03
1.443075819840931899e+03
2.721050814425037970e+03
1.078244914704838266e+03
2.051045971495934282e+03
4.669567508780004573e+03
3.620118833773665301e+03
2.882295454069492280e+03
8.015132571941843480e+02
1.997691081891399790e+03
1.702435859564237262e+03
6.936131835252717792e+02
2.271690643948430079e+03
1.109686323281903697e+03
3.502987388067460415e+03
1.172615495980226797e+03
2.445036735913051871e+03
1.283826100770869971e+03
2.964790285006496106e+03
2.138117001610565694e+03
2.640657936275139946e+03
4.426557184127397704e+03
1.434729127631684378e+03
6.882941962297222744e+02
2.141255363106968161e+03
2.355368507511032931e+03
1.248250957154939442e+03
1.022831593370321798e+03
1.391449334783851100e+03
3.920416706129110935e+03
1.874563142260492441e+03
5.968982164448290177e+02
1.416702233838646134e+04
8.198333599306410179e+03
2.687721640869343901e+03
9.077047203061608798e+02
2.502617217005143175e+03
1.469170633509466825e+03
8.862766139713037319e+02
1.459347530880683962e+03
3.945828821620480448e+04
1.849897582211330700e+03
1.382301971020671772e+03
2.058771042207609753e+03
8.289660792013978607e+02
2.494408680717165225e+03
2.409057285176871574e+03
2.171974691831051132e+03
3.608835492041498219e+04
2.800704653332179078e+03
1.437829209213489321e+03
3.782891117915905852e+03
1.874989418472979651e+03
1.794409583758974577e+03
1.613402748096799041e+04
3.796122079730076166e+03
3.674760218563513263e+03
9.652766148724408595e+02
2.596750790401517406e+03
2.060685157008192618e+03
2.703958632920205673e+03
3.553375765223520375e+03
2.165304237371644376e+03
6.865422154492140180e+03
1.964963874855319773e+03
2.829253744577710677e+03
1.303779776778519590e+03
1.145424728389687061e+03
2.159341534871774456e+03
3.866156030163515425e+03
7.399037153987230795e+02
3.281771747714440608e+03
1.028187260682922897e+03
4.855716167938977378e+03
1.332385339017294427e+04
2.914096823374866744e+03
2.081106350522177308e+03
2.417481751667599383e+03
5.440794359589711348e+03
1.142444079564851563e+03
2.074822002903566499e+03
2.981730427595509354e+03
2.789029283971733548e+03
1.375392680460314295e+03
1.585877382654854500e+03
1.735348004473394440e+03
2.807589035732715274e+03
3.807039390314966568e+03
2.812462663043092107e+03
1.218618065590986589e+03
1.583882440984413734e+03
2.048355162335094519e+03
1.487986410997879148e+03
2.178131683488465569e+03
2.126526813440460501e+03
3.958191618996717807e+03
1.245673421435739328e+03
2.912862987766312472e+03
1.345510134588769233e+03
1.415899917164421822e+03
1.834289296847609421e+03
2.845851679617607260e+03
2.089396659969630946e+03
2.670041618836732141e+03
2.664922665456059349e+03
1.214793293427173467e+03
1.225444131913512138e+03
2.409778174078525808e+03
1.986406782851671778e+03
8.948590464228024075e+02
9.728588238322735151e+02
5.137351365750231707e+03
4.336214671667490620e+03
5.432475420849253169e+03
1.979138804069398702e+03
4.349417777240081705e+03
2.525306638992793978e+03
1.476954206512429664e+03
1.385886799680204604e+03
9.484905511404119807e+02
1.768070191472434999e+03
7.383353309511256839e+02
1.277759692797639673e+03
1.493355310826393634e+03
1.970057215865863782e+03
8.757362862703595283e+02
1.132009832090018608e+04
2.690305105583139266e+03
1.753366770558119697e+03
6.345447125228949517e+03
1.411191373673837461e+03
1.869155590366859315e+03
2.390371255505740464e+03
1.298472937232812455e+03
2.759666880513190335e+03
1.999587504141282579e+03
2.707846189570054776e+03
6.188449198165827511e+03
1.734459265194988802e+03
1.224046285575012007e+03
1.695147524138268864e+03
1.963917408909101141e+03
1.199936085748270489e+04
3.005486509738319910e+03
1.780297369643847787e+03
1.370942393613190006e+03
1.170498494838285296e+03
1.666327175875287594e+03
1.461675667493253059e+03
6.583549951700109887e+03
6.431893419155619995e+03
1.022080951609299973e+03
1.745853057848542448e+04
4.105169221778015526e+03
1.832154906930461721e+03
5.398930686557661829e+03
4.865173006483035351e+03
4.403327425421593034e+03
2.294759852302397121e+03
1.414194909947516862e+03
3.041467560965482789e+03
1.776766673707112568e+04
1.523398545590197273e+03
9.557296136305069467e+02
2.839795717619241259e+03
4.366174571383460716e+03
2.197900934056316146e+03
7.309417239787727567e+02
2.794407912110266807e+03
2.221253810882924881e+03
1.238386685651100379e+03
3.221766587710225849e+03
1.764218278742824850e+03
3.811800491903306465e+03
3.449536244356922907e+03
2.267201588524671479e+03
3.444962128926626065e+03
3.486086041417825527e+03
2.270715681797873003e+03
3.092923493903229428e+03
2.287004322284947193e+03
3.530999492379905860e+03
2.881184599432543109e+03
8.813566487424982370e+02
2.355532307085144566e+03
3.861677521137773510e+03
1.533447431853998978e+03
3.486502700273580103e+03
8.320881925617518391e+02
3.528616036572816029e+03
1.931430420599651825e+03
1.998484405071738820e+03
3.771415317121548014e+03
1.235375365896547237e+03
2.199467585371485711e+03
1.989934275415215325e+03
2.607211511101724227e+03
1.060665181827038168e+03
1.577326322529891740e+03
1.494927842839631012e+03
2.775022595156797706e+03
3.247320135635922270e+03
2.824854020909919200e+03
6.807558351031818347e+03
2.495538015413109861e+03
1.497483297928260527e+03
9.971841551248673568e+03
1.809586927816968910e+03
2.046814945328270369e+03
9.718132952904234116e+03
2.389146873225175568e+03
2.676722644251793099e+03
3.702745923640278306e+03
2.057484295897634183e+03
2.860556055897554870e+03
2.309902820104869534e+03
1.961919212169672846e+03
3.568555964291903365e+03
3.331455013095340291e+03
2.796382174042501902e+03
6.349392890965807510e+02
1.639505787552588799e+03
2.729579478018074042e+03
1.281822563625156363e+03
1.602931466162246397e+04
1.650646987047634684e+04
1.708644764596404002e+03
2.454758398528852013e+03
4.940038409254837461e+03
7.473702329159883448e+03
3.747892541231742143e+03
2.451383124609929837e+03
2.175707279709862632e+03
2.994680594702914277e+03
3.749299297646799823e+04
1.045691855875389592e+03
8.162625745652119349e+02
4.203948092051843560e+03
2.446595409614062646e+03
1.943817130208796925e+03
1.972067899871762620e+03
2.358150366341256358e+03
1.456629074739497128e+03
4.855909860692969232e+03
3.364425006848124667e+03
1.131957091377691086e+03
1.503808141720198364e+03
1.195697636414644421e+03
1.824138545785880979e+03
5.651049045473220758e+03
5.549414863385588887e+02
2.455231188666050002e+03
1.865523428172564763e+03
1.052214500437509287e+03
7.828062251499661670e+02
5.564324991134981246e+02
2.960123515171703730e+03
7.187460270844592287e+02
1.707965314587078865e+03
1.894278992582426781e+03
2.081761161953671490e+03
4.162912743823895653e+03
4.325608590564783299e+03
1.607227338676973204e+03
1.960987398129445410e+03
2.029844164703300066e+03
8.447931802305407700e+02
3.230427849796196369e+03
3.045049830370694326e+04
8.196782180636600970e+02
1.198336122467758969e+03
4.697721714189252452e+03
8.245417108658468351e+03
2.892991643617878708e+03
1.081938321371204074e+04
9.196460088728439587e+03
3.020816104587052905e+03
1.688587473393045002e+03
1.649499347529667830e+03
2.639918425475702406e+03
1.706378282091600568e+03
2.866508236534014941e+03
2.628665878179054744e+03
3.214476491606689251e+03
2.428739032603047690e+03
2.135947416008671098e+03
1.432982673500661122e+03
1.882745252564022849e+03
2.891899114627943163e+03
1.805443094328912366e+03
1.292466357215313110e+03
1.784305585897049241e+03
6.104029528744418712e+03
1.360771481285394202e+03
6.052619473411001309e+03
3.123682186592863673e+03
2.042065190446328643e+03
8.627497766624107953e+02
3.664689476659475076e+03
1.030216780902482014e+03
2.891283624525527557e+03
3.797563670138266389e+03
5.980538934058457016e+03
9.778689529572118317e+02
2.468809678935675493e+03
6.793336448302617327e+02
1.772653703524686534e+03
1.164941823233961713e+03
2.066543263650240988e+03
2.638315132230186464e+03
2.857575592478058752e+03
9.329502967492287553e+02
2.305387092593252419e+03
2.568255396965747423e+03
1.589585336608155785e+03
3.332812525573195671e+03
1.994366798486542393e+03
2.027893160984076985e+03
1.901033337979723910e+03
5.851433265957887215e+02
1.589344527651465796e+03
3.076645651398257542e+03
1.009406650327902753e+04
1.544405308313873547e+03
1.975640514502181759e+03
2.549857726963855384e+03
5.777878022961631359e+03
3.128603365132705221e+03
6.202076728605756216e+03
2.286279546934704285e+03
4.364589854812646081e+03
3.849686901146878881e+03
2.899131690938786505e+03
6.652245097025897849e+03
2.893906852207494921e+03
1.181879775868115303e+03
2.873526437043146143e+04
2.236018656644078419e+03
3.310549316997395181e+03
4.386525817263240242e+03
5.371259132945804595e+03
7.361650147367427053e+03
2.067622087828372969e+03
3.247020999928183301e+03
2.086009929472236308e+03
3.244881855285987513e+03
1.451528430999851935e+03
2.303042048781750964e+03
3.847976430027259198e+02
2.371995501865617825e+03
9.331267762385027709e+02
1.270881303587348157e+03
6.625296812500801025e+03
2.875676305246143329e+03
3.542255277130279410e+03
3.894806609540890349e+03
1.943343024772035960e+03
3.958348865344516526e+03
1.996194578064128109e+03
6.671950288189776984e+03
5.604463893232707960e+03
2.216542961468912836e+03
1.544394029009483802e+03
1.411528759193145106e+03
1.349928882669063341e+03
4.524276904325141913e+03
6.526304467760957778e+03
1.924284536036442205e+03
3.312779684399952384e+04
1.327298302439261988e+03
9.775529591337099191e+02
3.329442982003561156e+03
5.149034594242766616e+03
1.957944241566856363e+03
8.516385766286898615e+02
3.565414838458700615e+03
4.270456321381290763e+03
2.432977315868522965e+03
7.729296238695432066e+02
1.767292964378149918e+03
8.864891969337941191e+02
3.748617289188531231e+03
2.140517830789603067e+03
2.628644836283251607e+03
5.069391857326889294e+03
4.667991163395896365e+03
2.189116522268850531e+03
4.170485563342637761e+03
1.092967618888432071e+03
2.499711030571673291e+03
3.348630065416084108e+03
5.404371856235557061e+03
4.880194516599407507e+03
2.692159314322802402e+03
3.554735630540098100e+03
2.764621123054138025e+03
2.557004810058379007e+03
4.796320105130967931e+03
1.603395854623656305e+03
8.075654856924099931e+02
8.093510004003860558e+03
9.000552922795834547e+02
9.469660232898861523e+02
3.836642365800856624e+03
4.385793894686855310e+03
8.582784766458136119e+02
1.316926873304746550e+03
3.740569366979433653e+03
1.333219349619347668e+03
1.476850522512908810e+03
1.159837791124897194e+03
3.896872857947851298e+04
1.111479629934596232e+03
3.110403465819779740e+03
1.733923357002356852e+03
3.966076478675654471e+03
2.482488461191236183e+03
6.043238378375937828e+03
2.871954753252434784e+03
3.327999110643730091e+03
1.437751650108149079e+03
1.334379143760465240e+03
1.564205347074712563e+03
2.358254367949450625e+03
1.660493161470824361e+03
9.329231677452112308e+02
2.955923128145220289e+03
4.359214031153668657e+03
2.199996281149686638e+03
3.237585039476016391e+03
2.188279311944959773e+03
2.400066573169301591e+03
8.937272613989205183e+02
3.483838472582812756e+03
8.260495748689911579e+02
1.257129839144141670e+03
1.496389265982323195e+04
2.388152754431410358e+03
1.222029772143705486e+03
1.841602313068558715e+03
9.563568259721790810e+02
2.416616882635513775e+03
1.527992698853433467e+03
7.646326948509362182e+02
8.916542895921436411e+02
3.351821678830640849e+03
8.371046464585459034e+03
1.302627887693267894e+03
4.171084254805653472e+03
1.953841480463759581e+03
1.307757670992694102e+03
6.276560022516591744e+02
3.042768018875952293e+03
1.230759620114776453e+03
3.418907507532069758e+03
2.507068454798647508e+03
4.139766410121225817e+03
1.262633059927692329e+03
1.824610422553995477e+03
2.802188091488477312e+03
2.060973498971706249e+03
2.878282613715636217e+03
2.705079730380364708e+03
2.552320858725996004e+03
3.811692973638062540e+03
4.517576610838729721e+03
4.008706240623017493e+03
5.114198791955312117e+03
4.068711927901617400e+03
2.091752897918599956e+03
1.200007874528277398e+03
5.049853957419836661e+03
6.553830059095669185e+02
2.075380271034764974e+03
3.480514262418364524e+03
2.070152181583046695e+04
3.264350719136764747e+04
4.393601339225455376e+03
1.340043246444002307e+03
1.202806334338204351e+03
1.815639588484036040e+03
5.841177874798422636e+03
5.701690177060063434e+02
9.358240505029428959e+02
4.109340746596444660e+02
4.335781079284819498e+03
1.338252041895592356e+03
2.614766357146363134e+03
1.298604221541912921e+03
5.276556484119471861e+03
3.808602418884389408e+03
2.192916945955946176e+03
3.123375747029669583e+03
1.917260986978204528e+03
3.487313521925430541e+04
3.827489941168745645e+03
1.759742039826534437e+03
2.985254931654080792e+03
3.416294404876921362e+03
5.906889041857250049e+03
3.799667162116705640e+03
1.893595884351076620e+03
2.918856808549255675e+03
2.472005389770230522e+03
1.115141550280050524e+03
1.218048398962481770e+03
1.227341195842343495e+03
3.406128482328281279e+03
4.151723101829683401e+03
2.655779782806910134e+03
2.015400340375592577e+03
6.754665286085289608e+02
3.526385417085303743e+03
5.609022936050728276e+02
2.039324249007220260e+03
7.452448459882895122e+02
1.129945915770428428e+03
2.398600462719603001e+03
5.967633792090603038e+02
3.742312353046292628e+03
4.897739621907319815e+03
5.119073397694910454e+03
2.791725316191538877e+04
1.725833235735992275e+03
8.347242411381801048e+02
2.883782483351365045e+03
1.376941524421411941e+03
2.276946426116053772e+03
3.303901763729791128e+03
1.837507456791095319e+04
1.972261889840197000e+03
3.265034530284369794e+03
2.872297796614096114e+03
3.271602177151668457e+03
1.092132048625181596e+03
1.853786154601254793e+03
4.675935912455501239e+03
3.336601876611585340e+03
2.376447856426557337e+03
1.323610142469638504e+03
1.184938120310129989e+03
2.261116451183059326e+03
7.385478339255030278e+02
3.885919797984608977e+03
2.155104189037467222e+03
7.818872732286620248e+02
3.144219098127271536e+03
5.332582490402881376e+03
2.832303522225907273e+03
1.196236298094590666e+03
1.644075956173743407e+03
1.694973927290550591e+03
1.079537504000725858e+04
1.766118537013813466e+03
2.774272724490205292e+03
5.748788936630914577e+03
3.935062813335205647e+03
1.156901094446462366e+03
2.995853390030323681e+03
3.504992961518287302e+03
1.774040499640189637e+03
1.052203536718738633e+03
3.182774442196360724e+03
1.462160450486545869e+03
3.931716377791945706e+04
2.583793112086920701e+03
3.100611041866477535e+03
2.591416539656402165e+03
2.456387617381217296e+03
2.348892098476178489e+03
1.150896730173978540e+04
3.116105728682910922e+03
1.632555341063545256e+03
1.547735746541823346e+03
2.095056749869627311e+03
2.918089901518037550e+03
2.752722997843260600e+03
1.993713977822596007e+03
1.725916510324297860e+03
1.564793776297149634e+03
1.268308300254635469e+03
3.525109655805064904e+03
3.615027644956792756e+03
1.910235698735974893e+03
2.440653473649030730e+03
1.191165336159885783e+03
4.578151329211224947e+03
9.505245595215116055e+02
3.031738894282094407e+03
2.940351760887046112e+03
2.911390721549230420e+03
9.970935185047709410e+02
4.811113563023767711e+03
1.536959922413233471e+03
4.248306304969819394e+03
7.398991143530417958e+02
5.661966077254762695e+02
1.343582331384671306e+03
1.328603960739320883e+03
2.142291289395690910e+03
1.143703727386881155e+03
2.366343941090523913e+03
3.469848009626781277e+03
1.349877292052638495e+03
2.636061517309342889e+03
5.021130054600043877e+03
7.592200016638105353e+02
2.198545279242892320e+03
3.611745571304713394e+03
2.861632201660399915e+03
1.005445821231584341e+04
1.886074242570087335e+03
3.022991876847080675e+03
1.292696959496034651e+03
1.316170109230052731e+03
4.542670222875683976e+03
2.187998361845754516e+03
2.580097808988805355e+03
4.854964466874474965e+03
2.126425246546950802e+03
1.902761612306735515e+03
8.503829678974431090e+02
3.052914239481840923e+03
1.571320171101195592e+04
1.185050284251964058e+03
3.116348777438233810e+04
3.679205587461828145e+03
1.023130388305839233e+03
4.055591387502508042e+03
6.610158287779753664e+03
1.259902956945267306e+03
1.130505769962354316e+04
1.248404433031261306e+03
1.786385919245229161e+03
4.518943827212228825e+03
2.286609567018062535e+03
4.143802511690299070e+03
3.512753996087854466e+04
1.498102859141083627e+03
1.463308505498770955e+03
1.735840798572027097e+03
2.170915062800969736e+03
5.339244839938056430e+03
9.943109247555696129e+03
2.112346943736995854e+03
5.778877496761800785e+02
1.695244130429211509e+03
2.561562465865389640e+03
1.561043150277359473e+03
2.341675164796749414e+03
5.210702256586483600e+03
4.103788197843573471e+03
1.667374994666239218e+03
7.427284346851143710e+03
3.670462587206876378e+03
1.903722139173182541e+03
6.890361849150333001e+03
3.640033597441911752e+03
2.460148066808265139e+04
2.667229309144109266e+03
4.784778844531027062e+03
3.425801773966037217e+03
6.224501512199782383e+02
3.401991275106831381e+03
8.318816377156672388e+02
1.741907133846783609e+03
2.772560963921581788e+03
1.797940889744173546e+03
1.692502201260548873e+03
6.911517009767339914e+02
4.195672283480163969e+03
7.175009691962499119e+02
1.890977827300116132e+03
8.827926126627085068e+02
4.624717437958466917e+02
2.228066899481171276e+03
2.004633564417491698e+03
1.743078298126951267e+03
2.647065800007842881e+03
3.592594829378555460e+03
1.570565826055716116e+03
1.076266501742587934e+03
3.140263354475503093e+03
2.883235066093036949e+03
3.462970898682031475e+03
2.021764945587683997e+03
3.121695225021488113e+03
4.137367455397018603e+03
1.928187474001320652e+03
1.373574948260521069e+03
1.317487564747119450e+03
2.588328709515708397e+03
8.274275001778210026e+02
2.528075360499591170e+03
1.616141191065516068e+03
2.524463159025159257e+03
2.093158969080766383e+03
1.612942970878461438e+03
3.028315561479830194e+03
2.301498630386770856e+03
2.293113477040194539e+03
1.870813847368418692e+03
4.887350281267873470e+03
8.205523063903242473e+02
2.272818140813042191e+03
9.517147319744660763e+02
5.064572658868602048e+03
2.662146829217597769e+03
2.576386478621269362e+03
7.097401674368355998e+03
1.481377520829200421e+03
1.577429820501309905e+03
2.674352897246389148e+03
1.518214366199394135e+03
6.757389030920373898e+02
4.093095904060547582e+03
2.333106048609678510e+03
1.038885528711684310e+04
3.602568471426282485e+04
2.939092363455695249e+03
1.058531133530133275e+03
5.665144906517161871e+03
6.028941124902792581e+03
2.180472610881320179e+03
2.438274833518619744e+03
5.813647071013981076e+03
5.527615586828939058e+02
3.743149597889187135e+03
1.122336185423282586e+03
2.349199677098898974e+03
4.469950745754538730e+03
2.501181747079650904e+03
1.263874972854598354e+03
6.371347433302744321e+03
2.095861896047507798e+03
1.156645535443873541e+03
5.070799077187052717e+03
3.834280747946381780e+03
1.137426184290502533e+03
3.731765024002773316e+03
4.031797972549610677e+03
1.170989572838328513e+03
8.402831073899345938e+03
